0 0.9306640625 0.0390625 0.06640625 0.06640625
0 0.890625 0.10546875 0.0341796875 0.0498046875
0 0.9501953125 0.1064453125 0.041015625 0.04296875
0 0.9609375 0.234375 0.0458984375 0.083984375
0 0.720703125 0.263671875 0.0400390625 0.04296875
0 0.56640625 0.3251953125 0.1005859375 0.0927734375
0 0.4345703125 0.51171875 0.1533203125 0.1357421875
0 0.2685546875 0.58203125 0.0576171875 0.0771484375
0 0.169921875 0.66796875 0.0654296875 0.0751953125
0 0.0947265625 0.736328125 0.0771484375 0.0830078125
0 0.22265625 0.9140625 0.052734375 0.0556640625
0 0.06640625 0.8203125 0.0751953125 0.0751953125