0 0.0693359375 0.9609375 0.06640625 0.06640625
0 0.109375 0.89453125 0.03515625 0.05078125
0 0.0498046875 0.8935546875 0.041015625 0.04296875
0 0.0390625 0.765625 0.046875 0.083984375
0 0.279296875 0.736328125 0.0390625 0.04296875
0 0.43359375 0.6748046875 0.1015625 0.09375
0 0.5654296875 0.48828125 0.15234375 0.13671875
0 0.7314453125 0.41796875 0.05859375 0.078125
0 0.830078125 0.33203125 0.06640625 0.07421875
0 0.9052734375 0.263671875 0.078125 0.08203125
0 0.77734375 0.0859375 0.052734375 0.0546875
0 0.93359375 0.1796875 0.07421875 0.07421875