1 0.46875 0.5791015625 0.412109375 0.232421875
1 0.6259765625 0.4814453125 0.12890625 0.08203125
1 0.646484375 0.39453125 0.087890625 0.119140625
1 0.7255859375 0.265625 0.11328125 0.1796875
1 0.537109375 0.93359375 0.095703125 0.072265625
1 0.3896484375 0.912109375 0.166015625 0.0859375
1 0.19140625 0.412109375 0.119140625 0.140625
1 0.087890625 0.259765625 0.076171875 0.09765625
1 0.1171875 0.1025390625 0.04296875 0.046875
1 0.166015625 0.185546875 0.046875 0.060546875
1 0.1630859375 0.322265625 0.033203125 0.044921875
1 0.2607421875 0.8388671875 0.02734375 0.052734375
1 0.2431640625 0.8994140625 0.05078125 0.080078125
1 0.3203125 0.796875 0.025390625 0.0234375
1 0.1611328125 0.75390625 0.013671875 0.03515625
1 0.2939453125 0.818359375 0.021484375 0.02734375
1 0.705078125 0.5888671875 0.015625 0.015625
1 0.68359375 0.595703125 0.015625 0.03515625
1 0.0517578125 0.48828125 0.05859375 0.07421875