1 0.171875 0.376953125 0.2109375 0.279296875
1 0.5517578125 0.8125 0.3974609375 0.3662109375
1 0.302734375 0.7041015625 0.06640625 0.1748046875
1 0.33984375 0.4462890625 0.2138671875 0.1748046875
1 0.390625 0.1123046875 0.1748046875 0.224609375
1 0.3955078125 0.306640625 0.0693359375 0.087890625
1 0.931640625 0.25390625 0.119140625 0.216796875
1 0.794921875 0.466796875 0.171875 0.3330078125
1 0.513671875 0.5126953125 0.0830078125 0.1669921875
1 0.658203125 0.55859375 0.099609375 0.1337890625
1 0.494140625 0.3271484375 0.0947265625 0.12890625
1 0.640625 0.162109375 0.2109375 0.32421875
1 0.8115234375 0.7978515625 0.0224609375 0.037109375