1 0.3740234375 0.671875 0.076171875 0.125
1 0.435546875 0.5751953125 0.05078125 0.078125
1 0.40234375 0.49609375 0.017578125 0.025390625
1 0.384765625 0.5498046875 0.02734375 0.021484375
1 0.4306640625 0.5078125 0.046875 0.03515625
1 0.48046875 0.5576171875 0.041015625 0.0390625
1 0.4833984375 0.4990234375 0.01171875 0.013671875
1 0.451171875 0.826171875 0.02734375 0.0390625
1 0.357421875 0.78515625 0.02734375 0.03125
1 0.404296875 0.87890625 0.015625 0.021484375
1 0.4541015625 0.984375 0.03125 0.03125
1 0.4501953125 0.8779296875 0.01171875 0.025390625
1 0.490234375 0.7490234375 0.017578125 0.037109375
1 0.49609375 0.6787109375 0.01171875 0.017578125
1 0.576171875 0.78125 0.02734375 0.013671875
1 0.4248046875 0.923828125 0.01171875 0.037109375
1 0.4462890625 0.6611328125 0.013671875 0.017578125
1 0.5751953125 0.625 0.03125 0.02734375
1 0.5341796875 0.529296875 0.037109375 0.03125
1 0.509765625 0.9501953125 0.017578125 0.025390625
1 0.3525390625 0.501953125 0.01171875 0.029296875