1 0.5166015625 0.5830078125 0.388671875 0.1669921875
1 0.37890625 0.4599609375 0.119140625 0.0625
1 0.3740234375 0.37109375 0.0693359375 0.1083984375
1 0.318359375 0.2294921875 0.0859375 0.1669921875
1 0.3876953125 0.9208984375 0.0859375 0.05859375
1 0.537109375 0.9248046875 0.158203125 0.05859375
1 0.8193359375 0.466796875 0.099609375 0.125
1 0.947265625 0.3349609375 0.0615234375 0.087890625
1 0.9462890625 0.1748046875 0.0361328125 0.0419921875
1 0.8837890625 0.248046875 0.0390625 0.0537109375
1 0.8623046875 0.3837890625 0.025390625 0.0419921875
1 0.984375 0.744140625 0.025390625 0.0625
1 0.6767578125 0.875 0.01953125 0.0498046875
1 0.68359375 0.9375 0.0390625 0.0751953125
1 0.625 0.8232421875 0.0224609375 0.0205078125
1 0.7900390625 0.80859375 0.0087890625 0.033203125
1 0.6474609375 0.849609375 0.0166015625 0.025390625
1 0.2822265625 0.5517578125 0.013671875 0.0126953125
1 0.302734375 0.5625 0.0107421875 0.033203125
1 0.943359375 0.56640625 0.046875 0.06640625