1 0.6748046875 0.53125 0.142578125 0.158203125
1 0.5400390625 0.33203125 0.083984375 0.208984375
1 0.451171875 0.5576171875 0.328125 0.349609375
1 0.435546875 0.7890625 0.087890625 0.119140625
1 0.486328125 0.865234375 0.12109375 0.138671875
1 0.607421875 0.6376953125 0.033203125 0.052734375
1 0.2294921875 0.5869140625 0.05859375 0.06640625
1 0.1513671875 0.8857421875 0.080078125 0.064453125
1 0.3779296875 0.90625 0.05078125 0.078125
1 0.3466796875 0.7744140625 0.03515625 0.0546875
1 0.3095703125 0.857421875 0.029296875 0.048828125
1 0.5859375 0.79296875 0.04296875 0.083984375
1 0.5390625 0.7763671875 0.03515625 0.03125