1 0.677734375 0.494140625 0.1171875 0.13671875
1 0.50390625 0.3271484375 0.04296875 0.203125
1 0.4638671875 0.56640625 0.2734375 0.30078125
1 0.4970703125 0.7958984375 0.06640625 0.109375
1 0.5625 0.8603515625 0.09765625 0.12109375
1 0.6337890625 0.6123046875 0.0234375 0.05078125
1 0.25390625 0.6416015625 0.046875 0.05859375
1 0.2392578125 0.9501953125 0.072265625 0.05078125
1 0.46484375 0.9228515625 0.03515625 0.0703125
1 0.4072265625 0.7998046875 0.025390625 0.05078125
1 0.3876953125 0.8896484375 0.01953125 0.046875
1 0.64453125 0.7685546875 0.02734375 0.078125
1 0.595703125 0.7626953125 0.03125 0.025390625