1 0.466796875 0.578125 0.4140625 0.244140625
1 0.626953125 0.486328125 0.12890625 0.0859375
1 0.650390625 0.400390625 0.08984375 0.12109375
1 0.734375 0.2734375 0.119140625 0.181640625
1 0.5224609375 0.9345703125 0.095703125 0.07421875
1 0.375 0.908203125 0.166015625 0.08984375
1 0.1943359375 0.4013671875 0.123046875 0.142578125
1 0.0966796875 0.2451171875 0.078125 0.099609375
1 0.130859375 0.0888671875 0.044921875 0.048828125
1 0.1767578125 0.173828125 0.048828125 0.060546875
1 0.169921875 0.310546875 0.033203125 0.046875
1 0.2490234375 0.830078125 0.029296875 0.052734375
1 0.2294921875 0.8896484375 0.0546875 0.08203125
1 0.310546875 0.7900390625 0.025390625 0.025390625
1 0.15234375 0.7412109375 0.015625 0.03515625
1 0.283203125 0.8115234375 0.021484375 0.02734375
1 0.7021484375 0.595703125 0.015625 0.015625
1 0.6796875 0.6025390625 0.017578125 0.03515625
1 0.052734375 0.47265625 0.060546875 0.07421875