1 0.3251953125 0.466796875 0.13671875 0.154296875
1 0.5234375 0.3291015625 0.07421875 0.208984375
1 0.525390625 0.5712890625 0.31640625 0.337890625
1 0.45703125 0.79296875 0.08203125 0.1171875
1 0.3818359375 0.845703125 0.115234375 0.134765625
1 0.3505859375 0.58984375 0.029296875 0.052734375
1 0.720703125 0.6787109375 0.0546875 0.064453125
1 0.6865234375 0.9775390625 0.080078125 0.044921875
1 0.46875 0.9228515625 0.046875 0.076171875
1 0.544921875 0.810546875 0.033203125 0.052734375
1 0.5498046875 0.90234375 0.02734375 0.048828125
1 0.3154296875 0.7421875 0.0390625 0.08203125
1 0.3642578125 0.744140625 0.033203125 0.029296875