1 0.5283203125 0.580078125 0.408203125 0.21875
1 0.375 0.4775390625 0.126953125 0.078125
1 0.357421875 0.3896484375 0.083984375 0.1171875
1 0.2822265625 0.2578125 0.107421875 0.177734375
1 0.447265625 0.9326171875 0.09375 0.0703125
1 0.595703125 0.9150390625 0.1640625 0.080078125
1 0.8115234375 0.4228515625 0.115234375 0.13671875
1 0.919921875 0.2744140625 0.072265625 0.095703125
1 0.896484375 0.1162109375 0.041015625 0.046875
1 0.8447265625 0.197265625 0.046875 0.05859375
1 0.8427734375 0.3349609375 0.03125 0.044921875
1 0.7275390625 0.8466796875 0.025390625 0.052734375
1 0.7431640625 0.9072265625 0.048828125 0.080078125
1 0.6689453125 0.802734375 0.025390625 0.0234375
1 0.830078125 0.765625 0.013671875 0.033203125
1 0.6943359375 0.826171875 0.01953125 0.02734375
1 0.2919921875 0.58203125 0.015625 0.013671875
1 0.3134765625 0.5888671875 0.015625 0.03515625
1 0.9482421875 0.50390625 0.0546875 0.072265625