1 0.1953125 0.3271484375 0.251953125 0.30859375
1 0.501953125 0.8017578125 0.44921875 0.396484375
1 0.2734375 0.6708984375 0.09375 0.18359375
1 0.3505859375 0.421875 0.23828125 0.20703125
1 0.451171875 0.1123046875 0.20703125 0.224609375
1 0.4267578125 0.29296875 0.08203125 0.09765625
1 0.9443359375 0.3232421875 0.111328125 0.232421875
1 0.796875 0.513671875 0.22265625 0.35546875
1 0.51171875 0.5146484375 0.107421875 0.177734375
1 0.6474609375 0.5830078125 0.119140625 0.1484375
1 0.521484375 0.328125 0.11328125 0.142578125
1 0.69140625 0.1884765625 0.259765625 0.353515625
1 0.7607421875 0.8427734375 0.02734375 0.041015625