1 0.169921875 0.3828125 0.21484375 0.283203125
1 0.5576171875 0.8115234375 0.404296875 0.373046875
1 0.306640625 0.70703125 0.0703125 0.17578125
1 0.3388671875 0.44921875 0.216796875 0.177734375
1 0.3837890625 0.1142578125 0.177734375 0.228515625
1 0.392578125 0.30859375 0.0703125 0.08984375
1 0.927734375 0.24609375 0.123046875 0.21875
1 0.7939453125 0.4619140625 0.177734375 0.3359375
1 0.513671875 0.5126953125 0.0859375 0.16796875
1 0.6591796875 0.5556640625 0.1015625 0.134765625
1 0.4912109375 0.3271484375 0.09765625 0.130859375
1 0.6337890625 0.162109375 0.216796875 0.32421875
1 0.81640625 0.7919921875 0.0234375 0.037109375