1 0.634765625 0.6650390625 0.0693359375 0.12109375
1 0.568359375 0.5712890625 0.046875 0.0751953125
1 0.59765625 0.4912109375 0.0166015625 0.025390625
1 0.6181640625 0.5439453125 0.025390625 0.0205078125
1 0.5693359375 0.50390625 0.044921875 0.033203125
1 0.5224609375 0.556640625 0.0390625 0.037109375
1 0.5166015625 0.498046875 0.0107421875 0.0126953125
1 0.5654296875 0.8232421875 0.025390625 0.037109375
1 0.6572265625 0.77734375 0.025390625 0.029296875
1 0.615234375 0.873046875 0.013671875 0.0205078125
1 0.5712890625 0.9814453125 0.0302734375 0.029296875
1 0.5693359375 0.875 0.0107421875 0.025390625
1 0.5224609375 0.748046875 0.0166015625 0.037109375
1 0.513671875 0.6787109375 0.0107421875 0.0166015625
1 0.4384765625 0.78515625 0.02734375 0.0126953125
1 0.59765625 0.9189453125 0.0107421875 0.037109375
1 0.5625 0.658203125 0.013671875 0.0166015625
1 0.431640625 0.62890625 0.0302734375 0.025390625
1 0.4677734375 0.53125 0.0361328125 0.029296875
1 0.513671875 0.9501953125 0.0166015625 0.025390625
1 0.6474609375 0.494140625 0.0107421875 0.029296875