1 0.677734375 0.509765625 0.126953125 0.146484375
1 0.5185546875 0.328125 0.060546875 0.20703125
1 0.4580078125 0.5634765625 0.296875 0.322265625
1 0.4716796875 0.794921875 0.076171875 0.11328125
1 0.53125 0.8642578125 0.107421875 0.12890625
1 0.623046875 0.6240234375 0.02734375 0.05078125
1 0.2421875 0.619140625 0.052734375 0.0625
1 0.201171875 0.92578125 0.076171875 0.056640625
1 0.427734375 0.91796875 0.04296875 0.07421875
1 0.3818359375 0.791015625 0.029296875 0.052734375
1 0.3544921875 0.8779296875 0.0234375 0.046875
1 0.6201171875 0.7802734375 0.033203125 0.08203125
1 0.572265625 0.7705078125 0.033203125 0.02734375