1 0.6005859375 0.6875 0.091796875 0.1328125
1 0.5537109375 0.5830078125 0.060546875 0.08203125
1 0.59765625 0.509765625 0.021484375 0.02734375
1 0.607421875 0.5654296875 0.029296875 0.025390625
1 0.5673828125 0.5166015625 0.05078125 0.041015625
1 0.51171875 0.5595703125 0.044921875 0.04296875
1 0.5166015625 0.5009765625 0.013671875 0.013671875
1 0.5029296875 0.830078125 0.03125 0.041015625
1 0.6015625 0.802734375 0.03125 0.033203125
1 0.5419921875 0.8876953125 0.017578125 0.0234375
1 0.478515625 0.984375 0.03515625 0.03125
1 0.49609375 0.880859375 0.015625 0.02734375
1 0.474609375 0.748046875 0.0234375 0.0390625
1 0.4794921875 0.677734375 0.013671875 0.017578125
1 0.384765625 0.7685546875 0.029296875 0.017578125
1 0.515625 0.9296875 0.017578125 0.0390625
1 0.53125 0.6669921875 0.015625 0.01953125
1 0.408203125 0.61328125 0.03515625 0.03125
1 0.462890625 0.5244140625 0.041015625 0.03515625
1 0.427734375 0.9443359375 0.021484375 0.02734375
1 0.6455078125 0.5224609375 0.015625 0.03125