1 0.826171875 0.37109375 0.21484375 0.283203125
1 0.4541015625 0.8134765625 0.404296875 0.373046875
1 0.701171875 0.7001953125 0.0703125 0.17578125
1 0.6591796875 0.443359375 0.216796875 0.177734375
1 0.6025390625 0.1123046875 0.177734375 0.224609375
1 0.6015625 0.3046875 0.0703125 0.08984375
1 0.064453125 0.26171875 0.123046875 0.21875
1 0.2041015625 0.4716796875 0.177734375 0.3359375
1 0.486328125 0.5126953125 0.0859375 0.16796875
1 0.3427734375 0.5615234375 0.1015625 0.134765625
1 0.5029296875 0.3271484375 0.09765625 0.130859375
1 0.353515625 0.1650390625 0.216796875 0.328125
1 0.193359375 0.8037109375 0.0234375 0.037109375