1 0.83203125 0.388671875 0.220703125 0.287109375
1 0.4375 0.810546875 0.41015625 0.37890625
1 0.6904296875 0.7109375 0.072265625 0.177734375
1 0.662109375 0.4521484375 0.220703125 0.181640625
1 0.623046875 0.1162109375 0.181640625 0.23046875
1 0.611328125 0.310546875 0.072265625 0.08984375
1 0.0771484375 0.2392578125 0.126953125 0.220703125
1 0.2060546875 0.4560546875 0.18359375 0.337890625
1 0.486328125 0.5126953125 0.087890625 0.169921875
1 0.33984375 0.552734375 0.103515625 0.13671875
1 0.51171875 0.3271484375 0.099609375 0.1328125
1 0.37109375 0.1611328125 0.22265625 0.322265625
1 0.1787109375 0.787109375 0.0234375 0.037109375