1 0.322265625 0.494140625 0.1162109375 0.1376953125
1 0.49609375 0.3271484375 0.0419921875 0.2041015625
1 0.5361328125 0.56640625 0.2724609375 0.2998046875
1 0.5029296875 0.7958984375 0.06640625 0.1083984375
1 0.4375 0.8603515625 0.09765625 0.12109375
1 0.3662109375 0.6123046875 0.0224609375 0.0498046875
1 0.74609375 0.6416015625 0.046875 0.05859375
1 0.7607421875 0.9501953125 0.072265625 0.0498046875
1 0.53515625 0.9228515625 0.0361328125 0.0712890625
1 0.5927734375 0.7998046875 0.025390625 0.0498046875
1 0.6123046875 0.8896484375 0.01953125 0.0458984375
1 0.35546875 0.7685546875 0.02734375 0.0791015625
1 0.404296875 0.7626953125 0.0302734375 0.025390625