1 0.6123046875 0.2587890625 0.197265625 0.24609375
1 0.7568359375 0.58203125 0.3515625 0.45703125
1 0.56640625 0.4951171875 0.185546875 0.26953125
1 0.4150390625 0.689453125 0.2734375 0.328125
1 0.22265625 0.5830078125 0.126953125 0.154296875
1 0.1455078125 0.4794921875 0.162109375 0.234375
1 0.1259765625 0.8232421875 0.138671875 0.1875
1 0.4169921875 0.912109375 0.193359375 0.17578125
1 0.6328125 0.90234375 0.1640625 0.1953125
1 0.5087890625 0.4140625 0.080078125 0.125
1 0.4677734375 0.3486328125 0.0703125 0.107421875
1 0.4111328125 0.318359375 0.0859375 0.13671875
1 0.330078125 0.34375 0.099609375 0.16015625