1 0.5361328125 0.81640625 0.388671875 0.3671875
1 0.2880859375 0.3251953125 0.2109375 0.359375
1 0.5947265625 0.328125 0.130859375 0.30078125
1 0.76171875 0.0966796875 0.08203125 0.193359375
1 0.6669921875 0.0400390625 0.095703125 0.080078125
1 0.5830078125 0.0986328125 0.12890625 0.109375
1 0.787109375 0.251953125 0.0546875 0.07421875
1 0.728515625 0.3046875 0.05078125 0.08984375
1 0.5126953125 0.5048828125 0.1328125 0.169921875
1 0.3564453125 0.4970703125 0.205078125 0.310546875
1 0.150390625 0.7177734375 0.123046875 0.13671875
1 0.2763671875 0.751953125 0.09375 0.185546875
1 0.0927734375 0.5263671875 0.185546875 0.146484375
1 0.169921875 0.1748046875 0.080078125 0.15625
1 0.1572265625 0.2802734375 0.064453125 0.1171875
1 0.07421875 0.2705078125 0.064453125 0.07421875
1 0.775390625 0.6845703125 0.103515625 0.109375
1 0.08984375 0.42578125 0.06640625 0.0859375
1 0.01953125 0.2783203125 0.0390625 0.083984375