1 0.431640625 0.2431640625 0.162109375 0.220703125
1 0.232421875 0.5361328125 0.2841796875 0.4140625
1 0.435546875 0.4833984375 0.1435546875 0.2490234375
1 0.55078125 0.701171875 0.2265625 0.29296875
1 0.7587890625 0.6298828125 0.1044921875 0.1376953125
1 0.8525390625 0.541015625 0.1259765625 0.2158203125
1 0.8125 0.8837890625 0.111328125 0.1708984375
1 0.5087890625 0.9228515625 0.1689453125 0.154296875
1 0.296875 0.87890625 0.1328125 0.1875
1 0.505859375 0.4140625 0.0615234375 0.1162109375
1 0.5576171875 0.3564453125 0.0537109375 0.099609375
1 0.619140625 0.3369140625 0.064453125 0.126953125
1 0.6943359375 0.3759765625 0.0751953125 0.1494140625