1 0.5029296875 0.8173828125 0.388671875 0.365234375
1 0.3076171875 0.3037109375 0.2109375 0.359375
1 0.6123046875 0.3388671875 0.130859375 0.30078125
1 0.8046875 0.119140625 0.08203125 0.2109375
1 0.7158203125 0.0576171875 0.095703125 0.0859375
1 0.6240234375 0.109375 0.12890625 0.109375
1 0.8115234375 0.283203125 0.0546875 0.07421875
1 0.7470703125 0.330078125 0.05078125 0.08984375
1 0.5126953125 0.5068359375 0.1328125 0.169921875
1 0.357421875 0.4814453125 0.205078125 0.310546875
1 0.1298828125 0.6796875 0.123046875 0.13671875
1 0.2509765625 0.7275390625 0.09375 0.185546875
1 0.0927734375 0.4833984375 0.185546875 0.146484375
1 0.2060546875 0.142578125 0.080078125 0.15625
1 0.181640625 0.24609375 0.064453125 0.1171875
1 0.1005859375 0.2275390625 0.064453125 0.07421875
1 0.7548828125 0.712890625 0.103515625 0.109375
1 0.1005859375 0.3828125 0.06640625 0.0859375
1 0.041015625 0.2294921875 0.048828125 0.083984375