1 0.5185546875 0.234375 0.201171875 0.248046875
1 0.76953125 0.484375 0.357421875 0.4609375
1 0.560546875 0.4716796875 0.1875 0.271484375
1 0.48828125 0.70703125 0.27734375 0.330078125
1 0.2705078125 0.6767578125 0.12890625 0.154296875
1 0.162109375 0.607421875 0.1640625 0.236328125
1 0.2666015625 0.9208984375 0.142578125 0.158203125
1 0.572265625 0.912109375 0.1953125 0.17578125
1 0.771484375 0.8330078125 0.166015625 0.208984375
1 0.4775390625 0.4169921875 0.08203125 0.125
1 0.416015625 0.3701171875 0.072265625 0.107421875
1 0.3515625 0.3623046875 0.087890625 0.13671875
1 0.28515625 0.4150390625 0.1015625 0.16015625