1 0.48046875 0.822265625 0.37109375 0.35546875
1 0.7021484375 0.314453125 0.1923828125 0.349609375
1 0.396484375 0.3330078125 0.1162109375 0.294921875
1 0.2158203125 0.103515625 0.072265625 0.20703125
1 0.3076171875 0.046875 0.0908203125 0.08203125
1 0.396484375 0.103515625 0.1240234375 0.103515625
1 0.2001953125 0.267578125 0.05078125 0.0712890625
1 0.26171875 0.3173828125 0.046875 0.087890625
1 0.4873046875 0.505859375 0.1240234375 0.1640625
1 0.6435546875 0.4892578125 0.189453125 0.30078125
1 0.8603515625 0.69921875 0.1162109375 0.130859375
1 0.736328125 0.740234375 0.083984375 0.1806640625
1 0.9091796875 0.505859375 0.181640625 0.13671875
1 0.8125 0.158203125 0.072265625 0.1533203125
1 0.8310546875 0.2626953125 0.05859375 0.115234375
1 0.9130859375 0.2490234375 0.0615234375 0.0712890625
1 0.234375 0.69921875 0.0986328125 0.103515625
1 0.9052734375 0.404296875 0.0615234375 0.08203125
1 0.97265625 0.25390625 0.0439453125 0.08203125