1 0.7314453125 0.8583984375 0.154296875 0.1484375
1 0.3984375 0.7744140625 0.16796875 0.158203125
1 0.4453125 0.5419921875 0.181640625 0.171875
1 0.4169921875 0.4208984375 0.181640625 0.14453125
1 0.552734375 0.3193359375 0.138671875 0.119140625
1 0.6689453125 0.2841796875 0.12890625 0.103515625
1 0.3564453125 0.2822265625 0.1484375 0.1171875
1 0.4697265625 0.25 0.10546875 0.1015625
1 0.3203125 0.583984375 0.11328125 0.099609375
1 0.638671875 0.4609375 0.11328125 0.107421875
1 0.953125 0.529296875 0.09375 0.1015625
1 0.177734375 0.416015625 0.087890625 0.080078125
1 0.2744140625 0.474609375 0.064453125 0.060546875
1 0.724609375 0.4775390625 0.05859375 0.0703125
1 0.857421875 0.22265625 0.095703125 0.087890625