1 0.6591796875 0.896484375 0.1337890625 0.125
1 0.34765625 0.75 0.14453125 0.1328125
1 0.4384765625 0.53125 0.15625 0.14453125
1 0.43359375 0.40625 0.162109375 0.1162109375
1 0.5859375 0.3330078125 0.1220703125 0.0986328125
1 0.70703125 0.3203125 0.115234375 0.0830078125
1 0.400390625 0.2587890625 0.1337890625 0.09375
1 0.517578125 0.2490234375 0.0908203125 0.0859375
1 0.3076171875 0.5478515625 0.099609375 0.08203125
1 0.6435546875 0.48828125 0.0986328125 0.08984375
1 0.9423828125 0.6171875 0.0849609375 0.087890625
1 0.19921875 0.3564453125 0.076171875 0.06640625
1 0.283203125 0.431640625 0.0556640625 0.05078125
1 0.724609375 0.5205078125 0.0478515625 0.0615234375
1 0.9033203125 0.2958984375 0.0830078125 0.0732421875