1 0.65234375 0.8994140625 0.13671875 0.126953125
1 0.34375 0.7470703125 0.146484375 0.134765625
1 0.4375 0.5302734375 0.158203125 0.146484375
1 0.435546875 0.4052734375 0.1640625 0.119140625
1 0.5888671875 0.3349609375 0.123046875 0.1015625
1 0.7099609375 0.32421875 0.1171875 0.0859375
1 0.404296875 0.2568359375 0.134765625 0.095703125
1 0.521484375 0.2490234375 0.091796875 0.087890625
1 0.306640625 0.544921875 0.1015625 0.083984375
1 0.6435546875 0.4912109375 0.099609375 0.091796875
1 0.9404296875 0.625 0.0859375 0.08984375
1 0.2021484375 0.3515625 0.078125 0.068359375
1 0.2841796875 0.427734375 0.056640625 0.05078125
1 0.724609375 0.5244140625 0.048828125 0.0625
1 0.9072265625 0.302734375 0.083984375 0.07421875