1 0.501953125 0.2158203125 0.20703125 0.173828125
1 0.7734375 0.5263671875 0.236328125 0.125
1 0.2578125 0.9130859375 0.169921875 0.12109375
1 0.7578125 0.2197265625 0.265625 0.28125
1 0.1845703125 0.6259765625 0.25 0.126953125
1 0.4072265625 0.7451171875 0.11328125 0.103515625
1 0.16796875 0.45703125 0.150390625 0.107421875
1 0.3388671875 0.486328125 0.150390625 0.1328125
1 0.5791015625 0.5634765625 0.08984375 0.05859375
1 0.544921875 0.3896484375 0.17578125 0.12890625
1 0.3212890625 0.3193359375 0.138671875 0.09375
1 0.91796875 0.474609375 0.064453125 0.068359375