1 0.265625 0.5712890625 0.1953125 0.236328125
1 0.53125 0.3017578125 0.228515625 0.216796875
1 0.7626953125 0.17578125 0.203125 0.1875
1 0.75390625 0.30859375 0.1328125 0.140625
1 0.3916015625 0.3828125 0.2265625 0.193359375
1 0.388671875 0.736328125 0.1484375 0.1171875
1 0.25390625 0.7978515625 0.1328125 0.138671875
1 0.53125 0.806640625 0.21484375 0.1484375
1 0.193359375 0.873046875 0.1328125 0.115234375
1 0.7587890625 0.701171875 0.203125 0.162109375
1 0.3818359375 0.6279296875 0.150390625 0.103515625
1 0.599609375 0.5361328125 0.302734375 0.271484375
1 0.7431640625 0.5068359375 0.193359375 0.25
1 0.650390625 0.3388671875 0.17578125 0.15234375