1 0.478515625 0.216796875 0.1962890625 0.1611328125
1 0.2294921875 0.544921875 0.228515625 0.1083984375
1 0.7705078125 0.8955078125 0.162109375 0.109375
1 0.2236328125 0.23828125 0.2470703125 0.265625
1 0.8232421875 0.603515625 0.2431640625 0.109375
1 0.609375 0.73828125 0.1064453125 0.0966796875
1 0.828125 0.43359375 0.1435546875 0.0966796875
1 0.66015625 0.474609375 0.1416015625 0.123046875
1 0.42578125 0.568359375 0.0859375 0.052734375
1 0.447265625 0.3935546875 0.1669921875 0.1181640625
1 0.666015625 0.3076171875 0.1328125 0.0849609375
1 0.0810546875 0.50390625 0.0595703125 0.064453125