1 0.5478515625 0.2197265625 0.228515625 0.203125
1 0.2265625 0.478515625 0.248046875 0.16015625
1 0.666015625 0.9384765625 0.18359375 0.123046875
1 0.294921875 0.1787109375 0.3046875 0.318359375
1 0.7890625 0.6787109375 0.26171875 0.1640625
1 0.548828125 0.7578125 0.126953125 0.119140625
1 0.833984375 0.5146484375 0.162109375 0.12890625
1 0.6611328125 0.513671875 0.16796875 0.154296875
1 0.4111328125 0.548828125 0.095703125 0.072265625
1 0.474609375 0.3837890625 0.19140625 0.154296875
1 0.7080078125 0.353515625 0.150390625 0.115234375
1 0.0927734375 0.40234375 0.07421875 0.076171875