1 0.2568359375 0.533203125 0.166015625 0.216796875
1 0.5625 0.30859375 0.205078125 0.189453125
1 0.8095703125 0.220703125 0.18359375 0.1640625
1 0.7802734375 0.3505859375 0.1171875 0.125
1 0.4111328125 0.3671875 0.20703125 0.166015625
1 0.3525390625 0.7158203125 0.13671875 0.09765625
1 0.2099609375 0.755859375 0.1171875 0.123046875
1 0.482421875 0.8076171875 0.201171875 0.12109375
1 0.1396484375 0.8203125 0.12109375 0.099609375
1 0.7236328125 0.7392578125 0.1875 0.13671875
1 0.36328125 0.607421875 0.140625 0.083984375
1 0.5927734375 0.55078125 0.2734375 0.236328125
1 0.7392578125 0.544921875 0.16015625 0.232421875
1 0.673828125 0.3642578125 0.16015625 0.130859375