1 0.255859375 0.5205078125 0.1552734375 0.208984375
1 0.572265625 0.3125 0.1953125 0.1796875
1 0.82421875 0.2373046875 0.1748046875 0.1552734375
1 0.7880859375 0.365234375 0.111328125 0.119140625
1 0.41796875 0.3623046875 0.19921875 0.1552734375
1 0.341796875 0.7080078125 0.1328125 0.0908203125
1 0.197265625 0.740234375 0.1103515625 0.1181640625
1 0.466796875 0.806640625 0.1962890625 0.1103515625
1 0.123046875 0.80078125 0.1162109375 0.0927734375
1 0.7109375 0.7509765625 0.1806640625 0.1279296875
1 0.357421875 0.6005859375 0.1376953125 0.0771484375
1 0.58984375 0.5556640625 0.26171875 0.22265625
1 0.736328125 0.5576171875 0.1494140625 0.224609375
1 0.6806640625 0.3740234375 0.154296875 0.1220703125