2 0.9609375 0.9306640625 0.06640625 0.06640625
2 0.89453125 0.890625 0.05078125 0.03515625
2 0.8935546875 0.9501953125 0.04296875 0.041015625
2 0.765625 0.9609375 0.083984375 0.046875
2 0.736328125 0.720703125 0.04296875 0.0390625
2 0.6748046875 0.56640625 0.09375 0.1015625
2 0.48828125 0.4345703125 0.13671875 0.15234375
2 0.41796875 0.2685546875 0.078125 0.05859375
2 0.33203125 0.169921875 0.07421875 0.06640625
2 0.263671875 0.0947265625 0.08203125 0.078125
2 0.0859375 0.22265625 0.0546875 0.052734375
2 0.1796875 0.06640625 0.07421875 0.07421875